一般,1,1,1,1,1,0.5,1,0,0.5,1,1,1,1,1,1,1,1,1
格鬥,2,1,0.5,0.5,1,2,0.5,0,2,1,1,1,1,0.5,2,1,2,0.5
飛行,1,2,1,1,1,0.5,2,1,0.5,1,1,2,0.5,1,1,1,1,1
毒,1,1,1,0.5,0.5,0.5,1,0.5,0,1,1,2,1,1,1,1,1,2
地面,1,1,0,2,1,2,0.5,1,2,2,1,0.5,2,1,1,1,1,1
岩石,1,0.5,2,1,0.5,1,2,1,0.5,2,1,1,1,1,2,1,1,1
蟲,1,0.5,0.5,0.5,1,1,1,0.5,0.5,0.5,1,2,1,2,1,1,2,0.5
幽靈,0,1,1,1,1,1,1,2,1,1,1,1,1,2,1,1,0.5,1
鋼,1,1,1,1,1,2,1,1,0.5,0.5,0.5,1,0.5,1,2,1,1,2
火,1,1,1,1,1,0.5,2,1,2,0.5,0.5,2,1,1,2,0.5,1,1
水,1,1,1,1,2,2,1,1,1,2,0.5,0.5,1,1,1,0.5,1,1
草,1,1,0.5,0.5,2,2,0.5,1,0.5,0.5,2,0.5,1,1,1,0.5,1,1
電,1,1,2,1,0,1,1,1,1,1,2,0.5,0.5,1,1,0.5,1,1
超能力,1,2,1,2,1,1,1,1,0.5,1,1,1,1,0.5,1,1,0,1
冰,1,1,2,1,2,1,1,1,0.5,0.5,0.5,2,1,1,0.5,2,1,1
龍,1,1,1,1,1,1,1,1,0.5,1,1,1,1,1,1,2,1,0
惡,1,0.5,1,1,1,1,1,2,1,1,1,1,1,2,1,1,0.5,0.5
妖精,1,2,1,0.5,1,1,1,1,0.5,0.5,1,1,1,1,1,2,2,1
=
一般,100,100,100,1
格鬥,121,78,62,1
飛行,58,164,166,1
毒,141,62,156,1
地面,208,164,51,1
岩石,179,141,69,1
蟲,108,166,58,1
幽靈,97,58,166,1
鋼,175,9,55,1
火,198,16,19,1
水,16,64,198,1
草,36,162,72,1
電,208,217,26,1
超能力,243,88,139,1
冰,88,235,243,1
龍,142,88,243,1
惡,89,63,52,1
妖精,247,119,157,1